time	V(n002)	V(n005)
0.000000000000000e+00	3.982730e-14	0.000000e+00
6.835937198246267e-12	-1.785272e-09	8.053399e-09
1.367187439649253e-11	-2.419929e-09	1.610680e-08
2.734374879298507e-11	-1.347848e-09	3.221360e-08
5.468749758597014e-11	9.044706e-09	6.442719e-08
1.093749951719403e-10	4.725736e-08	1.288544e-07
4.374999806877611e-10	2.503852e-07	5.154175e-07
1.749999922751044e-09	4.276084e-07	2.061670e-06
3.499999845502089e-09	-1.199774e-07	4.123340e-06
6.999999691004177e-09	-6.582646e-07	8.246680e-06
1.399999938200835e-08	8.398092e-06	1.649336e-05
2.799999876401671e-08	7.369578e-05	3.298672e-05
5.599999752803342e-08	3.287889e-04	6.597344e-05
1.119999950560668e-07	1.014855e-03	1.319469e-04
3.153687490112133e-06	4.089865e-02	3.722130e-03
6.195374985168199e-06	8.064863e-02	7.301926e-03
9.237062480224265e-06	1.202648e-01	1.087133e-02
1.227874997528033e-05	1.597471e-01	1.443036e-02
1.532043747033640e-05	1.990956e-01	1.797899e-02
1.836212496539246e-05	2.383103e-01	2.151724e-02
2.140381246044852e-05	2.773911e-01	2.504510e-02
2.833740621044853e-05	3.662076e-01	3.306876e-02
3.527099996044854e-05	4.524581e-01	4.087080e-02
4.220459371044854e-05	5.361425e-01	4.845121e-02
4.913818746044855e-05	6.172608e-01	5.580999e-02
5.607178121044856e-05	6.958130e-01	6.294714e-02
6.300537496044857e-05	7.717991e-01	6.986266e-02
6.993896871044856e-05	8.452191e-01	7.655656e-02
8.087646871044866e-05	9.540238e-01	8.650902e-02
9.181396871044875e-05	1.050199e+00	9.534364e-02
1.027514687104489e-04	1.133745e+00	1.030604e-01
1.136889687104490e-04	1.204661e+00	1.096594e-01
1.246264687104491e-04	1.262948e+00	1.151405e-01
1.355639687104492e-04	1.308605e+00	1.195038e-01
1.465014687104492e-04	1.341633e+00	1.227493e-01
1.598803749604493e-04	1.358558e+00	1.246250e-01
1.732592812104495e-04	1.354542e+00	1.246112e-01
1.866381874604496e-04	1.329586e+00	1.227077e-01
2.000170937104497e-04	1.283690e+00	1.189148e-01
2.133959999604499e-04	1.216854e+00	1.132323e-01
2.267749062104499e-04	1.129077e+00	1.056602e-01
2.401538124604500e-04	1.020360e+00	9.619855e-02
2.480639687104498e-04	9.482496e-01	8.988379e-02
2.559741249604496e-04	8.718490e-01	8.316952e-02
2.638842812104494e-04	7.911577e-01	7.605572e-02
2.717944374604492e-04	7.061758e-01	6.854241e-02
2.797045937104489e-04	6.169033e-01	6.062957e-02
2.876147499604487e-04	5.233401e-01	5.231722e-02
2.955249062104485e-04	4.254863e-01	4.360535e-02
2.998217812104484e-04	3.716910e-01	3.880658e-02
3.041186562104483e-04	3.174749e-01	3.396425e-02
3.084155312104481e-04	2.628379e-01	2.907834e-02
3.127124062104480e-04	2.077800e-01	2.414886e-02
3.170092812104479e-04	1.523012e-01	1.917581e-02
3.213061562104477e-04	9.640155e-02	1.415919e-02
3.256030312104476e-04	4.008104e-02	9.098993e-03
3.265795937104475e-04	2.731313e-02	7.950947e-03
3.275561562104475e-04	1.454393e-02	6.802470e-03
3.285327187104475e-04	1.773439e-03	5.653564e-03
3.295092812104475e-04	-1.099834e-02	4.504227e-03
3.304858437104474e-04	-2.377141e-02	3.354461e-03
3.314624062104474e-04	-3.654577e-02	2.204263e-03
3.324389687104474e-04	-4.932142e-02	1.053636e-03
3.358569374604473e-04	-9.411508e-02	-2.983166e-03
3.392749062104472e-04	-1.387158e-01	-7.006477e-03
3.426928749604470e-04	-1.831236e-01	-1.101630e-02
3.461108437104469e-04	-2.273384e-01	-1.501263e-02
3.495288124604468e-04	-2.713602e-01	-1.899547e-02
3.529467812104467e-04	-3.151892e-01	-2.296482e-02
3.563647499604466e-04	-3.588251e-01	-2.692067e-02
3.623217812104465e-04	-4.343629e-01	-3.377899e-02
3.682788124604462e-04	-5.080324e-01	-4.047953e-02
3.742358437104461e-04	-5.798335e-01	-4.702232e-02
3.801928749604459e-04	-6.497664e-01	-5.340733e-02
3.861499062104457e-04	-7.178310e-01	-5.963458e-02
3.921069374604456e-04	-7.840273e-01	-6.570407e-02
3.980639687104453e-04	-8.483553e-01	-7.161579e-02
4.004077187104452e-04	-8.727767e-01	-7.386383e-02
4.027514687104452e-04	-8.967553e-01	-7.607319e-02
4.050952187104451e-04	-9.202910e-01	-7.824387e-02
4.074389687104451e-04	-9.433839e-01	-8.037588e-02
4.097827187104450e-04	-9.660340e-01	-8.246920e-02
4.121264687104449e-04	-9.882413e-01	-8.452385e-02
4.144702187104448e-04	-1.010006e+00	-8.653981e-02
4.158374062104448e-04	-1.022464e+00	-8.769485e-02
4.178881874604447e-04	-1.040841e+00	-8.940005e-02
4.226733437104446e-04	-1.082412e+00	-9.326489e-02
4.274584999604444e-04	-1.121655e+00	-9.692272e-02
4.322436562104443e-04	-1.158570e+00	-1.003735e-01
4.370288124604441e-04	-1.193158e+00	-1.036173e-01
4.418139687104440e-04	-1.225418e+00	-1.066541e-01
4.465991249604438e-04	-1.255350e+00	-1.094839e-01
4.513842812104437e-04	-1.282954e+00	-1.121067e-01
4.659350624604440e-04	-1.350708e+00	-1.186448e-01
4.804858437104443e-04	-1.393169e+00	-1.228837e-01
4.950366249604445e-04	-1.410336e+00	-1.248235e-01
5.095874062104449e-04	-1.402211e+00	-1.244642e-01
5.241381874604451e-04	-1.368793e+00	-1.218057e-01
5.386889687104455e-04	-1.310081e+00	-1.168481e-01
5.532397499604457e-04	-1.226077e+00	-1.095914e-01
5.573413124604459e-04	-1.198400e+00	-1.071755e-01
5.614428749604461e-04	-1.169089e+00	-1.046098e-01
5.655444374604463e-04	-1.138145e+00	-1.018941e-01
5.696459999604465e-04	-1.105568e+00	-9.902856e-02
5.737475624604467e-04	-1.071357e+00	-9.601313e-02
5.778491249604469e-04	-1.035513e+00	-9.284781e-02
5.819506874604471e-04	-9.980350e-01	-8.953261e-02
5.833178749604472e-04	-9.852568e-01	-8.840122e-02
5.840014687104472e-04	-9.788077e-01	-8.783001e-02
5.846850624604472e-04	-9.723190e-01	-8.725516e-02
5.860522499604473e-04	-9.592237e-01	-8.609461e-02
5.899584999604475e-04	-9.208224e-01	-8.268823e-02
5.938647499604476e-04	-8.813399e-01	-7.918206e-02
5.977709999604479e-04	-8.407763e-01	-7.557611e-02
6.016772499604481e-04	-7.991317e-01	-7.187038e-02
6.055834999604483e-04	-7.564060e-01	-6.806487e-02
6.094897499604484e-04	-7.125991e-01	-6.415958e-02
6.133959999604486e-04	-6.677112e-01	-6.015451e-02
6.192553749604490e-04	-5.984107e-01	-5.396525e-02
6.251147499604492e-04	-5.278888e-01	-4.766055e-02
6.309741249604495e-04	-4.561453e-01	-4.124042e-02
6.368334999604497e-04	-3.831804e-01	-3.470486e-02
6.426928749604501e-04	-3.089940e-01	-2.805386e-02
6.485522499604503e-04	-2.335860e-01	-2.128742e-02
6.544116249604506e-04	-1.569566e-01	-1.440555e-02
6.667163124604512e-04	3.891305e-03	5.848757e-05
6.695483437104513e-04	4.101506e-02	3.400398e-03
6.723803749604515e-04	7.803040e-02	6.733966e-03
6.752124062104516e-04	1.149373e-01	1.005919e-02
6.780444374604518e-04	1.517359e-01	1.337608e-02
6.808764687104519e-04	1.884260e-01	1.668462e-02
6.837084999604520e-04	2.250077e-01	1.998482e-02
6.865405312104522e-04	2.614811e-01	2.327668e-02
6.885913124604523e-04	2.877214e-01	2.564595e-02
7.000000000000000e-04	-nan	-nan
